CITYINTER	20071130	9.30	17.05	9.30	11.30	112661
CITYINTER	20071203	12.30	12.30	10.00	10.15	21248
CITYINTER	20071204	9.80	10.10	9.21	9.30	14050
CITYINTER	20071205	9.50	10.00	9.30	9.64	15903
CITYINTER	20071206	9.80	9.80	9.39	9.41	5214
CITYINTER	20071207	9.50	9.60	9.34	9.55	11887
CITYINTER	20071210	9.70	9.70	9.27	9.54	3222
CITYINTER	20071211	9.30	9.30	8.71	9.01	2604
CITYINTER	20071212	8.82	9.00	8.80	8.88	1313
CITYINTER	20071213	8.90	8.90	8.36	8.89	7244
CITYINTER	20071214	9.03	9.03	8.39	9.02	4912
CITYINTER	20071217	8.27	8.88	8.15	8.25	3040
CITYINTER	20071218	8.40	8.95	8.40	8.95	2544
CITYINTER	20071219	9.10	9.25	8.90	9.18	1244
CITYINTER	20071220	9.00	9.05	8.55	9.05	2849
CITYINTER	20071221	9.20	9.20	8.78	9.05	705
CITYINTER	20071227	8.99	9.00	8.99	8.99	205
CITYINTER	20071228	8.50	9.40	8.50	9.00	4902
CITYINTER	20080102	9.39	9.39	9.35	9.35	366
CITYINTER	20080103	9.10	9.15	9.03	9.03	2252
CITYINTER	20080104	9.05	9.29	9.05	9.06	2287
CITYINTER	20080107	9.09	9.09	9.01	9.01	2702
CITYINTER	20080108	9.20	9.20	8.84	9.15	1331
CITYINTER	20080109	9.05	9.05	8.71	8.71	1176
CITYINTER	20080110	8.90	8.95	8.71	8.72	1077
CITYINTER	20080111	8.51	8.51	8.51	8.51	20
CITYINTER	20080114	8.68	9.00	8.25	8.75	4483
CITYINTER	20080115	8.83	8.83	8.70	8.70	1110
CITYINTER	20080116	8.80	8.80	8.25	8.25	362
CITYINTER	20080117	8.50	8.50	8.50	8.50	300
CITYINTER	20080118	8.60	8.60	8.32	8.32	520
CITYINTER	20080121	8.25	8.25	7.90	7.90	1020
CITYINTER	20080122	8.14	8.14	8.14	8.14	928
CITYINTER	20080123	8.14	8.65	7.83	8.65	933
CITYINTER	20080124	8.65	8.88	8.60	8.88	976
CITYINTER	20080125	9.05	9.05	9.05	9.05	143
CITYINTER	20080128	8.95	8.95	8.95	8.95	354
CITYINTER	20080129	9.29	9.29	9.20	9.20	225
CITYINTER	20080130	9.50	9.50	9.30	9.49	361
CITYINTER	20080131	9.50	9.50	9.14	9.14	750
CITYINTER	20080201	9.48	9.48	9.07	9.30	1294
CITYINTER	20080204	9.48	9.50	8.62	9.49	1667
CITYINTER	20080205	9.48	9.48	9.30	9.30	75
CITYINTER	20080206	9.30	9.30	9.30	9.30	1052
CITYINTER	20080207	9.48	9.57	9.48	9.57	220
CITYINTER	20080208	9.52	9.90	9.50	9.89	1240
CITYINTER	20080211	9.55	9.88	9.55	9.88	525
CITYINTER	20080212	9.80	9.80	9.59	9.71	1951
CITYINTER	20080213	9.70	9.70	9.30	9.30	2900
CITYINTER	20080214	9.55	9.55	9.55	9.55	950
CITYINTER	20080215	9.50	9.50	9.50	9.50	850
CITYINTER	20080218	9.50	9.54	9.50	9.50	10200
CITYINTER	20080219	9.50	9.50	9.50	9.50	650
CITYINTER	20080220	9.35	9.35	9.09	9.35	1165
CITYINTER	20080221	9.35	9.35	9.35	9.35	50
CITYINTER	20080222	9.35	9.35	9.33	9.33	17050
CITYINTER	20080225	8.75	9.35	8.75	9.35	450
CITYINTER	20080226	9.35	9.35	9.35	9.35	20
CITYINTER	20080227	9.35	9.35	9.35	9.35	200
CITYINTER	20080228	9.35	9.35	9.35	9.35	20
CITYINTER	20080229	9.35	9.35	8.90	9.30	1010
CITYINTER	20080303	9.20	9.20	8.75	9.00	11250
CITYINTER	20080304	9.00	9.00	8.75	8.75	1856
CITYINTER	20080305	8.80	9.22	8.80	9.22	350
CITYINTER	20080306	9.22	9.22	8.99	8.99	205
CITYINTER	20080307	8.70	8.95	8.22	8.95	3030
CITYINTER	20080310	8.94	8.94	8.94	8.94	20
CITYINTER	20080311	8.93	9.20	8.51	9.20	1023
CITYINTER	20080312	9.22	9.22	9.00	9.20	676
CITYINTER	20080313	9.00	9.20	9.00	9.20	597
CITYINTER	20080314	9.20	9.20	9.20	9.20	550
CITYINTER	20080317	9.20	9.20	9.00	9.18	371
CITYINTER	20080318	9.19	9.19	9.19	9.19	620
CITYINTER	20080319	9.19	9.19	9.19	9.19	805
CITYINTER	20080320	9.19	9.19	9.19	9.19	395
CITYINTER	20080325	9.20	9.21	9.20	9.21	1170
CITYINTER	20080326	9.23	9.23	9.22	9.22	1135
CITYINTER	20080327	9.02	9.10	9.02	9.03	7867
CITYINTER	20080328	9.10	9.17	9.10	9.17	3100
CITYINTER	20080331	9.23	9.23	9.22	9.22	420
CITYINTER	20080401	9.22	9.22	9.00	9.00	11050
CITYINTER	20080402	9.02	9.02	9.02	9.02	560
CITYINTER	20080403	9.02	9.02	8.85	9.00	1356
CITYINTER	20080404	9.02	9.02	9.00	9.00	10020
CITYINTER	20080407	9.00	9.00	9.00	9.00	5020
CITYINTER	20080408	9.02	9.02	9.02	9.02	320
CITYINTER	20080409	9.02	9.05	9.02	9.05	15520
CITYINTER	20080410	9.05	9.05	8.97	9.05	685
CITYINTER	20080411	9.06	9.06	9.05	9.06	220
CITYINTER	20080414	9.06	9.06	8.90	9.05	6889
CITYINTER	20080415	9.20	9.20	8.90	9.03	3940
CITYINTER	20080416	9.05	9.08	9.01	9.08	3733
CITYINTER	20080417	9.08	9.08	9.08	9.08	250
CITYINTER	20080418	9.12	9.12	9.11	9.12	8400
CITYINTER	20080421	9.18	9.18	9.00	9.10	270
CITYINTER	20080422	9.14	9.14	9.00	9.00	1530
CITYINTER	20080423	8.55	9.00	8.55	9.00	1021
CITYINTER	20080424	9.09	9.09	9.09	9.09	25
CITYINTER	20080425	9.03	9.10	9.00	9.00	3463
CITYINTER	20080428	9.12	9.12	9.05	9.05	3025
CITYINTER	20080429	9.12	9.12	9.00	9.05	805
CITYINTER	20080430	9.12	9.12	8.82	9.06	470
CITYINTER	20080505	9.12	10.00	9.12	9.99	29075
CITYINTER	20080506	9.99	10.40	9.99	10.40	9987
CITYINTER	20080507	10.50	10.50	10.50	10.50	60
CITYINTER	20080508	10.35	10.35	10.12	10.12	1784
CITYINTER	20080509	10.40	10.40	10.20	10.20	5215
CITYINTER	20080512	10.20	10.23	10.00	10.08	61300
CITYINTER	20080513	10.02	10.02	9.87	9.87	4070
CITYINTER	20080514	9.62	10.00	9.62	10.00	1309
CITYINTER	20080515	10.02	10.05	10.02	10.05	320
CITYINTER	20080516	10.08	10.08	10.00	10.00	115
CITYINTER	20080519	10.02	10.02	10.00	10.00	1260
CITYINTER	20080520	10.00	10.00	10.00	10.00	18
CITYINTER	20080521	10.00	10.00	9.61	9.63	1230
CITYINTER	20080523	9.52	10.00	9.29	10.00	3675
CITYINTER	20080526	9.37	9.50	9.37	9.40	2830
CITYINTER	20080527	9.90	9.90	9.90	9.90	18
CITYINTER	20080528	9.72	9.72	9.72	9.72	15
CITYINTER	20080529	9.60	9.60	9.60	9.60	15000
CITYINTER	20080530	9.70	10.00	9.70	10.00	122062
CITYINTER	20080602	10.00	10.00	9.80	9.98	2533
CITYINTER	20080603	9.98	10.22	9.98	10.00	2981
CITYINTER	20080604	10.10	10.49	10.10	10.10	8766
CITYINTER	20080605	10.15	10.15	9.90	10.00	1575
CITYINTER	20080606	10.15	10.15	10.15	10.15	901
CITYINTER	20080609	9.99	9.99	9.65	9.65	214
CITYINTER	20080610	9.90	9.90	9.51	9.60	557
CITYINTER	20080611	9.60	9.70	9.58	9.70	550
CITYINTER	20080612	9.72	9.72	9.72	9.72	11
CITYINTER	20080613	10.10	10.10	10.10	10.10	14
CITYINTER	20080616	10.02	10.02	9.45	9.70	1946
CITYINTER	20080617	10.00	10.00	10.00	10.00	10
CITYINTER	20080618	10.00	10.00	9.41	9.60	957
CITYINTER	20080619	9.40	9.40	9.12	9.15	3465
CITYINTER	20080620	9.25	9.25	9.00	9.00	562
CITYINTER	20080623	9.32	9.32	9.32	9.32	800
CITYINTER	20080624	9.30	9.49	9.30	9.49	801
CITYINTER	20080625	9.40	9.40	9.40	9.40	11
CITYINTER	20080626	9.19	9.19	8.85	9.06	513
CITYINTER	20080627	9.06	9.06	8.75	8.95	3657
CITYINTER	20080630	8.95	8.95	8.88	8.90	1782
CITYINTER	20080701	8.69	8.70	8.47	8.70	550
CITYINTER	20080702	9.00	9.00	7.94	8.60	5030
CITYINTER	20080703	8.90	8.90	8.90	8.90	15
CITYINTER	20080704	8.85	8.85	8.85	8.85	21
CITYINTER	20080707	8.85	8.85	8.37	8.79	1273
CITYINTER	20080708	8.85	8.85	8.85	8.85	14
CITYINTER	20080709	8.54	8.95	8.54	8.95	2294
CITYINTER	20080710	8.48	8.50	8.48	8.50	1778
CITYINTER	20080711	8.50	8.50	7.73	7.73	1022
CITYINTER	20080714	8.53	8.53	8.45	8.45	1100
CITYINTER	20080715	8.46	8.46	8.20	8.20	198
CITYINTER	20080716	8.03	8.03	8.02	8.02	1240
CITYINTER	20080717	8.45	8.45	8.45	8.45	59
CITYINTER	20080718	8.45	8.50	8.45	8.50	237
CITYINTER	20080721	8.50	8.50	8.50	8.50	14
CITYINTER	20080722	8.41	8.41	7.95	8.20	970
CITYINTER	20080723	8.40	8.50	8.05	8.50	2000
CITYINTER	20080724	8.12	8.50	8.12	8.50	985
CITYINTER	20080725	8.50	8.50	8.50	8.50	337
CITYINTER	20080728	9.04	9.04	8.53	8.56	2542
CITYINTER	20080729	9.04	9.04	8.59	8.59	629
CITYINTER	20080730	9.04	9.04	8.58	8.60	2078
CITYINTER	20080731	9.00	9.00	9.00	9.00	11
CITYINTER	20080801	9.00	9.00	9.00	9.00	30
CITYINTER	20080804	9.89	9.89	9.89	9.89	11
CITYINTER	20080805	9.07	9.40	9.07	9.34	1182
CITYINTER	20080806	9.29	9.29	8.41	8.97	1953
CITYINTER	20080807	8.20	9.20	7.90	9.20	1982
CITYINTER	20080808	9.22	9.22	8.50	8.99	3543
CITYINTER	20080811	8.99	9.19	8.41	9.00	2972
CITYINTER	20080812	9.16	9.18	8.50	8.99	2111
CITYINTER	20080813	8.30	9.19	8.30	9.00	1850
CITYINTER	20080814	9.00	9.00	8.93	8.93	855
CITYINTER	20080818	8.90	8.90	8.39	8.59	2362
CITYINTER	20080819	8.59	8.70	8.59	8.59	293
CITYINTER	20080820	9.00	9.00	9.00	9.00	17
CITYINTER	20080821	8.78	8.78	8.78	8.78	8
CITYINTER	20080822	8.80	8.80	8.35	8.50	1020
CITYINTER	20080825	9.00	9.00	8.00	8.91	2429
CITYINTER	20080826	8.99	8.99	8.21	8.21	1793
CITYINTER	20080827	8.44	8.64	8.30	8.64	1029
CITYINTER	20080828	7.91	8.81	7.91	8.81	953
CITYINTER	20080829	8.81	8.90	8.55	8.90	3289
CITYINTER	20080901	8.60	9.00	8.60	8.82	2722
CITYINTER	20080902	8.75	8.75	8.42	8.61	892
CITYINTER	20080903	8.75	8.75	8.32	8.32	576
CITYINTER	20080904	8.75	8.75	8.35	8.35	518
CITYINTER	20080905	8.70	8.70	8.34	8.34	500
CITYINTER	20080908	8.60	8.60	8.26	8.26	500
CITYINTER	20080909	8.40	8.40	8.40	8.40	899
CITYINTER	20080910	8.40	8.51	8.22	8.22	740
CITYINTER	20080911	8.69	8.69	8.49	8.61	1753
CITYINTER	20080912	8.70	8.70	8.70	8.70	110
CITYINTER	20080915	8.70	8.70	8.21	8.62	2861
CITYINTER	20080916	8.52	8.60	8.14	8.39	1814
CITYINTER	20080917	8.39	8.39	8.39	8.39	25
CITYINTER	20080918	8.38	9.00	8.38	8.97	7926
CITYINTER	20080919	8.96	8.98	8.77	8.77	4041
CITYINTER	20080922	9.00	9.00	9.00	9.00	21
CITYINTER	20080923	9.00	9.00	9.00	9.00	21
CITYINTER	20080924	8.99	8.99	8.84	8.84	873
CITYINTER	20080925	9.00	9.00	8.50	8.80	869
CITYINTER	20080926	8.97	8.97	8.97	8.97	28
CITYINTER	20080929	8.99	8.99	8.50	8.78	1778
CITYINTER	20080930	8.89	8.89	8.67	8.67	34
CITYINTER	20081001	9.10	9.10	8.83	8.83	1261
CITYINTER	20081002	8.11	8.99	8.05	8.98	1607
CITYINTER	20081003	9.00	9.00	8.09	9.00	1822
CITYINTER	20081006	8.80	8.80	8.30	8.69	1738
CITYINTER	20081007	8.39	8.39	8.05	8.10	1521
CITYINTER	20081008	8.04	8.05	7.48	8.00	4444
CITYINTER	20081009	7.42	8.00	7.42	8.00	602
CITYINTER	20081010	7.90	7.90	7.90	7.90	15
CITYINTER	20081013	8.00	8.00	8.00	8.00	512
CITYINTER	20081014	7.95	8.00	7.95	8.00	2196
CITYINTER	20081016	7.99	7.99	7.07	7.07	22
CITYINTER	20081017	7.66	7.99	7.03	7.99	595
CITYINTER	20081020	8.48	8.48	7.80	7.80	1797
CITYINTER	20081021	8.47	8.47	8.00	8.47	1666
CITYINTER	20081022	8.47	8.47	8.00	8.00	1063
CITYINTER	20081023	8.00	8.00	7.95	7.95	308
CITYINTER	20081024	8.00	8.00	7.62	7.62	75
CITYINTER	20081027	7.50	8.00	7.50	8.00	1252
CITYINTER	20081028	8.00	8.00	8.00	8.00	130
CITYINTER	20081029	8.00	8.00	8.00	8.00	280
CITYINTER	20081030	8.00	8.00	7.62	8.00	390
CITYINTER	20081031	7.80	8.00	7.62	8.00	5455
CITYINTER	20081103	8.25	8.25	7.90	8.00	1234
CITYINTER	20081104	8.00	8.00	8.00	8.00	12
CITYINTER	20081105	8.00	8.00	7.75	7.75	3575
CITYINTER	20081106	8.00	8.00	8.00	8.00	49
CITYINTER	20081107	8.00	8.00	7.21	8.00	2835
CITYINTER	20081110	7.34	7.97	7.34	7.97	2058
CITYINTER	20081112	8.00	8.00	7.90	8.00	45
CITYINTER	20081113	8.00	8.00	7.63	8.00	1283
CITYINTER	20081114	7.88	7.99	7.52	7.99	4156
CITYINTER	20081117	7.20	8.00	7.20	7.95	3235
CITYINTER	20081118	7.50	7.94	7.50	7.94	3263
CITYINTER	20081119	7.52	7.52	7.40	7.40	1490
CITYINTER	20081120	7.65	7.95	7.49	7.95	8204
CITYINTER	20081121	7.75	8.00	7.58	8.00	2562
CITYINTER	20081124	8.40	8.40	8.00	8.02	3137
CITYINTER	20081125	8.50	8.50	7.78	8.00	1086
CITYINTER	20081126	8.20	8.20	7.70	7.98	3105
CITYINTER	20081127	7.98	7.98	7.57	7.95	1712
CITYINTER	20081128	7.95	7.95	7.18	7.59	17994
CITYINTER	20081201	7.90	7.90	7.59	7.90	302
CITYINTER	20081202	7.48	7.87	7.17	7.87	95
CITYINTER	20081203	7.80	7.80	7.80	7.80	41
CITYINTER	20081204	7.70	7.85	7.34	7.85	428
CITYINTER	20081205	7.70	7.70	7.70	7.70	24
CITYINTER	20081208	7.55	7.55	7.49	7.50	1195
CITYINTER	20081209	7.49	7.49	7.40	7.40	690
CITYINTER	20081210	7.55	7.55	7.21	7.50	1932
CITYINTER	20081211	7.49	7.50	6.95	7.50	3008
CITYINTER	20081212	7.50	7.50	7.50	7.50	20
CITYINTER	20081215	7.02	7.50	7.02	7.50	675
CITYINTER	20081216	7.50	7.50	7.06	7.50	2433
CITYINTER	20081217	7.50	7.85	7.05	7.50	1371
CITYINTER	20081218	7.40	7.42	7.10	7.40	6110
CITYINTER	20081219	7.50	7.50	7.32	7.32	43
CITYINTER	20081222	7.50	7.50	7.50	7.50	200
CITYINTER	20081229	7.27	7.50	7.25	7.50	149
CITYINTER	20081230	7.45	7.45	7.45	7.45	1317
CITYINTER	20081231	7.45	7.45	7.45	7.45	2125
CITYINTER	20090105	8.24	8.24	7.50	7.55	1357
CITYINTER	20090106	7.55	7.55	7.55	7.55	32
CITYINTER	20090107	7.50	7.50	7.50	7.50	100
CITYINTER	20090108	7.55	7.55	7.24	7.47	1627
CITYINTER	20090109	7.47	7.47	7.47	7.47	11
CITYINTER	20090112	7.47	7.47	7.09	7.44	1772
CITYINTER	20090113	7.44	7.44	7.30	7.42	134
CITYINTER	20090114	7.40	7.40	7.40	7.40	11
CITYINTER	20090115	7.40	7.40	7.40	7.40	11
CITYINTER	20090116	6.82	7.34	6.82	7.34	998
CITYINTER	20090119	7.25	7.25	7.12	7.12	90
CITYINTER	20090120	7.14	7.18	6.49	6.67	4869
CITYINTER	20090121	6.72	6.72	6.11	6.12	3423
CITYINTER	20090122	6.74	6.74	6.33	6.62	1661
CITYINTER	20090123	6.99	6.99	6.25	6.98	2504
CITYINTER	20090126	6.98	7.40	6.30	6.80	3730
CITYINTER	20090127	7.45	7.45	6.27	7.38	29889
CITYINTER	20090128	7.19	7.20	6.50	7.10	60068
CITYINTER	20090129	7.25	7.25	6.91	7.11	1225
CITYINTER	20090130	6.93	6.99	6.42	6.99	2069
CITYINTER	20090202	7.49	7.49	7.03	7.15	2039
CITYINTER	20090203	7.99	7.99	7.00	7.50	1655
CITYINTER	20090204	7.30	7.30	6.96	7.30	2764
CITYINTER	20090205	7.40	7.40	7.07	7.40	1162
CITYINTER	20090206	7.26	7.26	6.99	7.05	1244
CITYINTER	20090209	7.10	7.10	7.00	7.10	761
CITYINTER	20090210	7.10	7.10	6.99	7.05	139
CITYINTER	20090211	7.05	7.05	6.90	6.90	2
CITYINTER	20090212	7.05	7.05	7.05	7.05	10
CITYINTER	20090213	7.05	7.05	7.05	7.05	42
CITYINTER	20090216	7.05	7.05	7.05	7.05	10
CITYINTER	20090217	7.00	7.00	6.64	6.64	1455
CITYINTER	20090218	7.05	7.12	7.00	7.12	1360
CITYINTER	20090219	7.13	7.13	7.13	7.13	346
CITYINTER	20090220	7.13	7.13	7.13	7.13	11
CITYINTER	20090223	7.13	7.13	6.95	7.13	2347
CITYINTER	20090224	7.01	7.01	7.00	7.00	52
CITYINTER	20090225	7.13	7.13	6.47	6.47	1198
CITYINTER	20090226	7.12	7.12	6.76	6.99	2254
CITYINTER	20090227	6.83	6.99	6.55	6.99	1276
CITYINTER	20090302	6.83	6.88	6.82	6.88	196
CITYINTER	20090303	6.82	6.84	6.82	6.84	111
CITYINTER	20090304	6.83	6.90	6.60	6.90	1376
CITYINTER	20090305	6.83	6.83	6.83	6.83	198
CITYINTER	20090306	6.83	6.83	6.49	6.49	1236
CITYINTER	20090309	6.85	7.09	6.80	6.96	402
CITYINTER	20090310	6.82	6.98	6.66	6.98	1613
CITYINTER	20090311	6.80	6.80	6.80	6.80	921
CITYINTER	20090312	6.60	6.82	6.60	6.82	1073
CITYINTER	20090313	6.80	6.80	6.80	6.80	3721
CITYINTER	20090316	6.80	6.80	6.80	6.80	300
CITYINTER	20090317	6.80	6.80	6.70	6.80	1061
CITYINTER	20090318	6.78	6.78	6.78	6.78	11
CITYINTER	20090319	6.65	6.65	6.65	6.65	300
CITYINTER	20090320	6.70	6.70	6.32	6.49	3394
CITYINTER	20090323	6.21	6.40	6.10	6.40	3726
CITYINTER	20090324	6.45	6.45	6.10	6.14	3087
CITYINTER	20090325	6.57	6.57	5.90	6.06	5224
CITYINTER	20090326	6.55	6.55	6.18	6.18	999
CITYINTER	20090327	6.30	6.45	6.08	6.45	3442
CITYINTER	20090330	6.42	6.42	6.42	6.42	23
CITYINTER	20090331	6.28	6.28	5.84	6.27	2018
CITYINTER	20090401	6.20	6.20	5.85	6.20	1865
CITYINTER	20090402	5.90	6.00	5.72	5.85	3895
CITYINTER	20090403	5.73	5.95	5.73	5.83	26987
CITYINTER	20090406	6.14	6.14	5.90	5.90	290
CITYINTER	20090407	5.90	5.90	5.71	5.90	2275
CITYINTER	20090408	5.90	5.90	5.56	5.87	7075
CITYINTER	20090409	5.93	6.05	5.93	6.05	3988
CITYINTER	20090414	6.11	6.18	6.05	6.07	5505
CITYINTER	20090415	6.16	6.16	5.76	5.94	8361
CITYINTER	20090416	5.94	5.94	5.80	5.94	2667
CITYINTER	20090417	5.95	6.03	5.95	6.00	713
CITYINTER	20090420	6.08	6.08	6.08	6.08	321
CITYINTER	20090421	6.08	6.15	5.95	6.15	4682
CITYINTER	20090422	6.25	6.25	5.95	5.96	2472
CITYINTER	20090423	6.05	6.05	5.79	5.79	4462
CITYINTER	20090424	6.04	6.04	5.90	6.04	282
CITYINTER	20090427	6.00	6.00	5.80	5.97	3081
CITYINTER	20090428	5.99	6.10	5.80	6.10	7563
CITYINTER	20090429	6.02	6.10	6.00	6.10	52231
CITYINTER	20090430	6.20	6.30	6.00	6.30	61173
CITYINTER	20090504	6.55	6.66	6.30	6.30	64195
CITYINTER	20090505	6.35	6.35	6.24	6.30	41820
CITYINTER	20090506	6.21	6.21	6.21	6.21	34
CITYINTER	20090507	6.62	6.62	6.21	6.35	5128
CITYINTER	20090508	6.41	6.41	6.20	6.35	452
CITYINTER	20090511	6.11	6.11	5.92	6.10	15420
CITYINTER	20090512	6.07	6.09	6.05	6.05	267
CITYINTER	20090513	6.08	6.20	6.08	6.20	3500
CITYINTER	20090514	6.15	6.15	6.01	6.15	115
CITYINTER	20090515	6.20	6.20	5.90	6.00	6902
CITYINTER	20090518	6.00	6.00	6.00	6.00	110
CITYINTER	20090519	6.00	6.00	5.45	5.51	35717
CITYINTER	20090520	5.65	5.65	4.59	4.67	239155
CITYINTER	20090521	4.81	4.81	3.90	4.60	254557
CITYINTER	20090522	4.74	4.74	4.31	4.43	16575
CITYINTER	20090525	4.35	4.35	4.11	4.25	6481
CITYINTER	20090526	4.49	4.55	4.21	4.41	10815
CITYINTER	20090527	4.40	4.55	4.16	4.37	9290
CITYINTER	20090528	4.39	4.39	4.09	4.11	8629
CITYINTER	20090529	4.19	4.20	4.06	4.15	5120
CITYINTER	20090601	4.15	4.31	4.15	4.30	10541
CITYINTER	20090602	4.30	4.30	4.12	4.24	4417
CITYINTER	20090603	4.25	4.28	4.18	4.24	6444
CITYINTER	20090604	4.24	4.26	4.21	4.25	9429
CITYINTER	20090605	4.30	4.30	4.06	4.24	12823
CITYINTER	20090608	4.24	4.24	4.15	4.15	4185
CITYINTER	20090609	4.21	4.21	4.00	4.05	9758
CITYINTER	20090610	4.10	4.27	4.00	4.25	14296
CITYINTER	20090612	4.27	4.28	4.15	4.15	19636
CITYINTER	20090615	4.15	4.20	4.10	4.20	10694
CITYINTER	20090616	4.21	4.21	4.15	4.20	4164
CITYINTER	20090617	4.24	4.26	4.18	4.18	6081
CITYINTER	20090618	4.18	4.20	4.16	4.16	1630
CITYINTER	20090619	4.22	4.22	4.20	4.20	109
CITYINTER	20090622	4.30	4.44	4.11	4.11	11301
CITYINTER	20090623	4.11	4.11	3.97	4.02	9972
CITYINTER	20090624	4.18	4.18	4.00	4.10	2815
CITYINTER	20090625	4.03	4.03	3.55	3.86	16210
CITYINTER	20090626	3.72	3.90	3.72	3.86	4140
CITYINTER	20090629	3.80	3.86	3.79	3.80	5518
CITYINTER	20090630	3.80	3.80	3.69	3.71	3008
CITYINTER	20090701	3.69	3.69	3.40	3.50	9799
CITYINTER	20090702	3.43	3.51	3.43	3.48	7928
CITYINTER	20090703	3.50	3.59	3.31	3.35	11204
CITYINTER	20090706	3.35	3.45	3.34	3.34	6079
CITYINTER	20090707	3.44	3.95	3.44	3.78	17747
CITYINTER	20090708	3.70	3.93	3.60	3.88	4764
CITYINTER	20090709	3.92	4.09	3.92	3.94	5828
CITYINTER	20090710	4.10	4.10	3.70	3.74	5404
CITYINTER	20090713	3.89	3.92	3.89	3.89	621
CITYINTER	20090714	3.92	3.95	3.75	3.76	1205
CITYINTER	20090715	3.92	3.92	3.74	3.74	2683
CITYINTER	20090716	3.74	4.14	3.74	4.05	19477
CITYINTER	20090717	4.04	4.04	3.95	3.95	696
CITYINTER	20090720	3.95	3.97	3.89	3.97	1773
CITYINTER	20090721	4.00	4.00	3.91	4.00	3256
CITYINTER	20090722	3.80	4.00	3.80	4.00	2968
CITYINTER	20090723	4.02	4.02	3.86	4.00	4342
CITYINTER	20090724	4.00	4.00	3.87	3.97	8484
CITYINTER	20090727	3.97	3.97	3.80	3.80	11292
CITYINTER	20090728	3.81	3.90	3.81	3.81	4751
CITYINTER	20090729	3.84	3.84	3.45	3.72	25938
CITYINTER	20090730	3.52	4.33	3.52	4.19	97293
CITYINTER	20090731	4.24	4.24	3.83	3.95	18212
CITYINTER	20090803	3.94	4.07	3.89	3.97	5606
CITYINTER	20090804	3.96	3.96	3.82	3.87	10098
CITYINTER	20090805	3.93	4.00	3.87	3.88	5624
CITYINTER	20090806	3.98	4.00	3.88	3.99	3713
CITYINTER	20090807	4.00	4.00	3.95	4.00	1372
CITYINTER	20090810	4.10	4.16	3.85	3.85	13506
CITYINTER	20090811	4.09	4.14	3.85	3.89	12073
CITYINTER	20090812	3.90	3.90	3.82	3.83	1311
CITYINTER	20090813	3.83	3.86	3.83	3.86	4347
CITYINTER	20090814	3.91	3.91	3.86	3.86	1408
CITYINTER	20090817	3.99	3.99	3.87	3.90	2783
CITYINTER	20090818	3.99	3.99	3.63	3.92	6348
CITYINTER	20090819	3.92	3.92	3.73	3.73	5031
CITYINTER	20090820	3.75	3.92	3.75	3.90	5574
CITYINTER	20090821	3.92	5.00	3.90	4.88	181107
CITYINTER	20090824	4.98	6.00	4.90	5.99	190117
CITYINTER	20090825	6.12	6.68	5.22	5.22	209788
CITYINTER	20090826	5.22	5.74	5.11	5.36	66403
CITYINTER	20090827	5.40	5.55	4.91	4.99	53174
CITYINTER	20090828	4.94	5.19	4.90	4.90	19624
CITYINTER	20090831	5.09	5.50	4.71	5.29	47405
CITYINTER	20090901	5.18	5.50	4.83	5.45	64711
CITYINTER	20090902	5.48	5.48	4.94	5.00	30913
CITYINTER	20090903	5.11	5.18	4.59	4.70	79777
CITYINTER	20090904	4.50	4.88	4.50	4.70	31462
CITYINTER	20090907	4.82	4.93	4.70	4.70	27445
CITYINTER	20090908	4.75	4.90	4.60	4.84	11098
CITYINTER	20090909	4.80	4.80	4.55	4.69	11343
CITYINTER	20090910	4.70	4.72	4.60	4.61	9793
CITYINTER	20090911	4.64	4.89	4.43	4.79	13852
CITYINTER	20090914	4.78	4.78	4.51	4.62	12217
CITYINTER	20090915	4.43	4.72	4.43	4.69	28010
CITYINTER	20090916	4.78	4.78	4.68	4.75	2704
CITYINTER	20090917	4.75	4.75	4.49	4.60	14350
CITYINTER	20090918	4.60	4.66	4.31	4.47	82605
CITYINTER	20090921	4.27	4.31	4.13	4.29	58237
CITYINTER	20090922	4.38	4.38	4.14	4.28	33062
CITYINTER	20090923	4.30	4.31	4.23	4.31	7679
CITYINTER	20090924	4.34	4.34	4.14	4.25	25940
CITYINTER	20090925	4.17	4.28	4.10	4.28	62336
CITYINTER	20090928	4.31	4.65	4.31	4.65	162298
CITYINTER	20090929	4.64	4.77	4.47	4.47	20920
CITYINTER	20090930	4.35	4.59	4.32	4.51	15842
CITYINTER	20091001	4.42	4.56	4.42	4.48	36323
CITYINTER	20091002	4.46	4.46	4.05	4.13	57569
CITYINTER	20091005	4.07	4.09	4.00	4.09	10722
CITYINTER	20091006	4.10	4.18	4.00	4.02	9215
CITYINTER	20091007	3.98	4.09	3.98	4.08	8997
CITYINTER	20091008	4.05	4.05	3.98	3.98	3198
CITYINTER	20091009	4.07	4.07	3.86	3.86	30493
CITYINTER	20091012	3.88	3.97	3.85	3.97	2711
CITYINTER	20091013	3.99	3.99	3.85	3.94	167
CITYINTER	20091014	3.99	4.02	3.95	3.95	7362
CITYINTER	20091015	3.95	3.95	3.82	3.87	3800
CITYINTER	20091016	3.82	3.93	3.82	3.93	770
CITYINTER	20091019	3.97	3.97	3.84	3.95	2025
CITYINTER	20091020	3.98	3.98	3.72	3.90	3878
CITYINTER	20091021	3.88	3.88	3.75	3.80	11663
CITYINTER	20091022	3.80	3.80	3.73	3.73	4795
CITYINTER	20091023	3.77	3.80	3.75	3.75	3853
CITYINTER	20091026	3.72	3.72	3.57	3.60	17861
CITYINTER	20091027	3.60	3.60	3.56	3.60	2555
CITYINTER	20091028	3.60	3.60	3.51	3.55	8546
CITYINTER	20091029	3.51	3.75	3.51	3.75	80139
CITYINTER	20091030	3.79	3.79	3.70	3.77	41400
CITYINTER	20091102	3.77	3.77	3.66	3.70	3622
CITYINTER	20091103	3.74	3.74	3.52	3.52	29495
CITYINTER	20091104	3.70	3.70	3.37	3.37	30613
CITYINTER	20091105	3.38	4.08	3.33	3.91	356661
CITYINTER	20091106	3.91	3.96	3.62	3.80	191817
CITYINTER	20091109	3.91	3.94	3.60	3.87	72777
CITYINTER	20091110	3.90	4.09	3.66	3.78	152302
CITYINTER	20091112	3.73	3.82	3.50	3.61	150655
CITYINTER	20091113	3.61	3.67	3.53	3.60	22971
CITYINTER	20091116	3.65	3.65	3.47	3.55	15756
CITYINTER	20091117	3.18	3.19	2.96	3.08	317765
CITYINTER	20091118	3.17	3.17	2.95	2.99	51894
CITYINTER	20091119	3.01	3.01	2.80	2.86	59317
CITYINTER	20091120	2.78	2.86	2.78	2.84	26315
CITYINTER	20091123	2.88	2.94	2.84	2.91	14890
CITYINTER	20091124	2.91	3.07	2.80	2.80	90035
CITYINTER	20091125	2.80	2.86	2.71	2.79	27856
CITYINTER	20091126	2.73	2.75	2.54	2.58	94526
CITYINTER	20091127	2.58	2.71	2.54	2.69	32957
CITYINTER	20091130	2.70	2.79	2.66	2.75	34681
CITYINTER	20091201	2.75	2.75	2.58	2.73	48651
CITYINTER	20091202	2.69	2.69	2.59	2.69	4814
CITYINTER	20091203	2.68	2.73	2.51	2.73	33545
CITYINTER	20091204	2.71	2.79	2.67	2.76	12026
CITYINTER	20091207	2.58	2.74	2.58	2.73	27428
CITYINTER	20091208	2.70	2.87	2.65	2.87	152868
CITYINTER	20091209	2.82	2.89	2.81	2.89	41914
CITYINTER	20091210	2.88	2.88	2.76	2.80	12076
CITYINTER	20091211	2.85	2.85	2.68	2.68	82225
CITYINTER	20091214	2.85	2.85	2.58	2.63	39224
CITYINTER	20091215	2.80	2.93	2.66	2.79	134870
CITYINTER	20091216	2.79	2.84	2.69	2.73	53126
CITYINTER	20091217	2.70	2.80	2.70	2.80	65171
CITYINTER	20091218	2.80	2.91	2.70	2.91	70234
CITYINTER	20091221	2.94	3.12	2.88	3.09	182325
CITYINTER	20091222	3.17	3.30	3.17	3.25	120476
CITYINTER	20091223	3.39	3.39	3.11	3.17	47851
CITYINTER	20091228	3.25	3.25	3.00	3.25	58781
CITYINTER	20091229	3.20	3.20	3.00	3.17	35916
CITYINTER	20091230	3.13	3.33	3.12	3.30	78414
CITYINTER	20091231	3.30	3.32	3.28	3.29	23284
CITYINTER	20100104	3.38	3.41	3.22	3.34	81790
CITYINTER	20100105	3.40	3.44	3.33	3.42	60980
CITYINTER	20100106	3.33	3.35	3.19	3.35	60958
CITYINTER	20100107	3.27	3.27	3.19	3.25	9644
CITYINTER	20100108	3.29	3.29	3.19	3.25	19593
CITYINTER	20100111	3.29	3.30	3.10	3.15	118038
CITYINTER	20100112	3.19	3.20	3.09	3.17	56735
CITYINTER	20100113	3.20	3.20	3.10	3.20	17006
CITYINTER	20100114	3.20	3.20	3.06	3.15	26321
CITYINTER	20100115	3.15	3.15	2.97	2.98	71782
CITYINTER	20100118	2.91	2.91	2.80	2.86	49532
CITYINTER	20100119	2.84	2.88	2.78	2.80	44582
CITYINTER	20100120	2.79	2.95	2.75	2.95	117089
CITYINTER	20100121	2.94	3.06	2.90	2.95	10326
CITYINTER	20100122	3.00	3.00	2.82	2.83	9962
CITYINTER	20100125	2.88	2.89	2.82	2.82	2665
CITYINTER	20100126	2.82	2.85	2.78	2.84	5562
CITYINTER	20100127	2.86	2.86	2.70	2.79	14210
CITYINTER	20100128	2.77	2.91	2.65	2.78	36234
CITYINTER	20100129	2.85	2.85	2.84	2.85	3000
CITYINTER	20100201	2.80	2.87	2.72	2.79	7348
CITYINTER	20100202	2.77	2.80	2.75	2.80	9996
CITYINTER	20100203	2.80	2.80	2.75	2.80	3321
CITYINTER	20100204	2.80	2.80	2.72	2.72	11386
CITYINTER	20100205	2.72	2.72	2.50	2.65	31325
CITYINTER	20100208	2.64	2.65	2.52	2.59	15773
CITYINTER	20100209	2.59	2.60	2.55	2.60	13692
CITYINTER	20100210	2.60	2.60	2.56	2.56	44722
CITYINTER	20100211	2.57	2.57	2.48	2.51	23280
CITYINTER	20100212	2.52	2.60	2.52	2.60	5575
CITYINTER	20100215	2.60	2.65	2.52	2.56	9973
CITYINTER	20100216	2.60	2.65	2.51	2.55	13227
CITYINTER	20100217	2.56	2.75	2.56	2.75	115610
CITYINTER	20100218	2.78	2.78	2.66	2.74	15354
CITYINTER	20100219	2.74	2.74	2.68	2.71	39698
CITYINTER	20100222	2.74	2.78	2.65	2.71	17121
CITYINTER	20100223	2.80	2.83	2.68	2.68	11062
CITYINTER	20100224	2.66	2.67	2.50	2.60	52493
CITYINTER	20100225	2.59	2.60	2.53	2.54	28099
CITYINTER	20100226	2.57	2.63	2.42	2.45	85266
CITYINTER	20100301	2.49	2.50	2.31	2.44	66424
CITYINTER	20100302	2.00	2.29	1.99	2.25	128853
CITYINTER	20100303	2.27	2.28	2.20	2.27	84135
CITYINTER	20100304	2.27	2.27	2.20	2.25	21315
CITYINTER	20100305	2.21	2.24	2.16	2.19	45803
CITYINTER	20100308	2.17	2.75	2.17	2.75	725765
CITYINTER	20100309	2.75	2.93	2.54	2.85	1056486
CITYINTER	20100310	2.75	2.85	2.73	2.75	152779
CITYINTER	20100311	2.72	2.77	2.61	2.61	48560
CITYINTER	20100312	2.61	2.80	2.56	2.73	82051
CITYINTER	20100315	2.76	2.89	2.67	2.89	160414
CITYINTER	20100316	2.87	3.20	2.87	3.03	173788
CITYINTER	20100317	2.93	3.15	2.93	3.04	105750
CITYINTER	20100318	3.03	3.03	2.98	2.99	48260
CITYINTER	20100319	2.98	3.03	2.85	2.90	58812
CITYINTER	20100322	3.00	3.03	2.85	2.98	18453
CITYINTER	20100323	3.02	3.14	2.95	3.05	45620
CITYINTER	20100324	3.04	3.04	2.88	2.97	11460
CITYINTER	20100325	2.88	2.94	2.85	2.91	21157
CITYINTER	20100326	2.86	2.94	2.85	2.85	7791
CITYINTER	20100329	2.82	2.85	2.81	2.85	4377
CITYINTER	20100330	2.81	2.81	2.66	2.70	30313
CITYINTER	20100331	2.70	2.75	2.67	2.75	16743
CITYINTER	20100401	2.75	2.75	2.65	2.70	10821
CITYINTER	20100406	2.70	2.70	2.64	2.69	16743
CITYINTER	20100407	2.69	2.80	2.65	2.80	49352
CITYINTER	20100408	2.80	2.80	2.73	2.79	16400
CITYINTER	20100409	2.80	2.80	2.71	2.77	12854
CITYINTER	20100412	2.80	3.00	2.77	2.98	119090
CITYINTER	20100413	3.00	3.32	2.95	3.32	207851
CITYINTER	20100414	3.32	3.65	3.21	3.64	371411
CITYINTER	20100415	3.72	3.72	3.42	3.43	38248
CITYINTER	20100416	3.48	3.75	3.31	3.73	311740
CITYINTER	20100419	3.64	3.64	3.38	3.55	36831
CITYINTER	20100420	3.55	3.66	3.40	3.66	45926
CITYINTER	20100421	3.72	4.30	3.67	4.30	264206
CITYINTER	20100422	4.48	4.48	4.00	4.02	99637
CITYINTER	20100423	4.10	4.50	4.07	4.40	109746
CITYINTER	20100426	4.40	4.68	4.33	4.38	42152
CITYINTER	20100427	4.50	4.53	4.45	4.50	13204
CITYINTER	20100428	4.50	4.65	4.36	4.54	62265
CITYINTER	20100429	4.54	4.60	4.41	4.54	18466
CITYINTER	20100430	4.54	4.68	4.40	4.65	27748
CITYINTER	20100504	4.65	4.65	4.47	4.54	20105
CITYINTER	20100505	4.15	4.50	4.15	4.41	64113
CITYINTER	20100506	4.41	4.60	4.40	4.58	44247
CITYINTER	20100507	4.40	4.50	4.30	4.32	24430
CITYINTER	20100510	4.33	4.50	4.33	4.35	14202
CITYINTER	20100511	4.40	4.62	4.30	4.30	29376
CITYINTER	20100512	4.37	4.37	4.15	4.26	12790
CITYINTER	20100513	4.45	4.46	4.20	4.40	3606
CITYINTER	20100514	4.37	4.45	4.35	4.45	6785
CITYINTER	20100517	4.50	5.50	4.50	5.50	147066
CITYINTER	20100518	5.90	6.48	5.52	6.05	199371
CITYINTER	20100519	6.07	6.09	5.64	5.89	51056
CITYINTER	20100520	5.80	5.94	5.23	5.49	52544
CITYINTER	20100521	5.38	5.38	4.88	5.19	62095
CITYINTER	20100524	5.30	5.48	5.12	5.31	10943
CITYINTER	20100525	4.80	5.15	4.80	5.10	33190
CITYINTER	20100526	5.10	5.90	5.10	5.60	37656
CITYINTER	20100527	5.66	5.99	5.61	5.80	20700
CITYINTER	20100528	5.94	5.94	5.55	5.73	17709
CITYINTER	20100531	5.71	5.71	5.45	5.58	20682
CITYINTER	20100601	5.58	5.58	5.32	5.50	7069
CITYINTER	20100602	5.40	5.50	5.20	5.48	10521
CITYINTER	20100604	5.48	5.48	5.19	5.30	16862
CITYINTER	20100607	5.20	5.28	5.11	5.16	6858
CITYINTER	20100608	5.25	5.39	5.20	5.25	7848
CITYINTER	20100609	5.27	5.28	5.15	5.27	4087
CITYINTER	20100610	5.23	6.10	5.20	5.97	238858
CITYINTER	20100611	6.10	6.19	5.73	5.89	86776
CITYINTER	20100614	6.00	6.00	5.80	5.89	11476
CITYINTER	20100615	5.90	5.90	5.70	5.79	22155
CITYINTER	20100616	6.00	6.05	5.75	5.88	7561
CITYINTER	20100617	5.88	5.91	5.75	5.82	4654
CITYINTER	20100618	5.85	5.85	5.50	5.55	23728
CITYINTER	20100621	5.80	5.80	5.56	5.76	10489
CITYINTER	20100622	5.76	5.89	5.55	5.85	4799
CITYINTER	20100623	5.56	5.79	5.30	5.30	22661
CITYINTER	20100624	5.41	5.95	4.87	5.44	107888
CITYINTER	20100625	5.44	5.96	5.30	5.96	31163
CITYINTER	20100628	6.05	6.50	6.00	6.04	136651
CITYINTER	20100629	6.15	6.15	5.71	5.88	36464
CITYINTER	20100630	5.75	5.88	5.56	5.80	10513
CITYINTER	20100701	5.80	6.03	5.77	5.95	33350
CITYINTER	20100702	6.06	6.06	5.95	6.00	20994
CITYINTER	20100705	6.00	6.09	5.87	6.07	45185
CITYINTER	20100706	6.10	6.45	6.10	6.44	63110
CITYINTER	20100707	6.50	6.78	6.46	6.67	84186
CITYINTER	20100708	6.72	6.84	6.47	6.49	71637
CITYINTER	20100709	6.51	6.60	6.45	6.55	57179
CITYINTER	20100712	6.57	6.57	6.49	6.55	22566
CITYINTER	20100713	6.55	6.55	6.49	6.49	38666
CITYINTER	20100714	6.50	6.55	6.44	6.50	19392
CITYINTER	20100715	6.55	6.55	6.46	6.50	158802
CITYINTER	20100716	6.55	7.20	6.55	7.00	78462
CITYINTER	20100719	6.90	6.99	6.70	6.96	20231
CITYINTER	20100720	7.15	7.15	6.82	6.98	27122
CITYINTER	20100721	7.10	7.27	7.01	7.15	253142
CITYINTER	20100722	7.15	7.20	7.03	7.05	29029
CITYINTER	20100723	7.13	7.13	6.92	7.00	15977
CITYINTER	20100726	7.18	7.18	6.90	7.00	16452
CITYINTER	20100727	7.00	7.00	6.90	6.90	16925
CITYINTER	20100728	6.90	6.90	6.70	6.84	11278
CITYINTER	20100729	6.76	6.96	6.76	6.85	4806
CITYINTER	20100730	7.06	7.31	7.06	7.30	56358
CITYINTER	20100802	7.36	7.65	7.36	7.60	49378
CITYINTER	20100803	7.70	8.02	7.70	7.78	40732
CITYINTER	20100804	7.86	7.94	7.76	7.90	63039
CITYINTER	20100805	7.94	8.38	7.80	8.25	50375
CITYINTER	20100806	8.19	9.90	8.19	9.70	316018
CITYINTER	20100809	9.88	10.49	9.10	10.09	107031
CITYINTER	20100810	10.30	10.49	9.94	10.34	104875
CITYINTER	20100811	10.45	12.60	10.45	12.02	233418
CITYINTER	20100812	12.27	14.78	12.27	14.18	349875
CITYINTER	20100813	14.87	16.10	13.55	14.88	473787
CITYINTER	20100816	15.22	15.76	14.44	15.14	216643
CITYINTER	20100817	15.45	15.50	14.00	14.50	116230
CITYINTER	20100818	14.40	14.40	13.16	13.60	181222
CITYINTER	20100819	13.40	14.24	13.06	14.04	88838
CITYINTER	20100820	14.10	14.30	14.10	14.27	30414
CITYINTER	20100823	14.50	17.30	14.30	17.26	306625
CITYINTER	20100824	17.60	18.30	16.00	16.00	215536
CITYINTER	20100825	15.97	16.26	14.82	15.50	144593
CITYINTER	20100826	16.01	17.00	15.90	16.16	99611
CITYINTER	20100827	16.38	16.60	15.50	15.70	87043
CITYINTER	20100830	15.90	16.50	15.78	16.10	53308
CITYINTER	20100831	17.50	18.28	16.57	17.50	330061
CITYINTER	20100901	17.99	18.11	16.81	17.00	315443
CITYINTER	20100902	17.13	17.13	16.21	16.79	168546
CITYINTER	20100903	16.75	17.05	16.35	17.00	105224
CITYINTER	20100906	17.18	17.39	16.80	17.35	142607
CITYINTER	20100907	17.35	17.35	16.90	17.09	66673
CITYINTER	20100908	17.05	20.45	16.60	19.92	407621
CITYINTER	20100909	20.50	21.95	19.95	20.10	246098
CITYINTER	20100910	20.10	22.75	20.09	22.75	236833
CITYINTER	20100913	23.33	25.89	22.80	25.89	502090
CITYINTER	20100914	26.80	27.50	24.32	24.70	241392
CITYINTER	20100915	24.50	26.49	23.61	25.70	130402
CITYINTER	20100916	26.50	27.90	26.00	27.90	245002
CITYINTER	20100917	28.90	32.00	28.28	31.30	507387
CITYINTER	20100920	32.00	34.47	29.01	29.01	309726
CITYINTER	20100921	29.00	29.98	25.28	25.50	748326
CITYINTER	20100922	24.70	27.17	23.50	26.80	644548
CITYINTER	20100923	27.01	27.99	24.50	25.00	347954
CITYINTER	20100924	24.00	24.50	23.00	23.00	568776
CITYINTER	20100927	22.80	26.20	22.10	24.79	391255
CITYINTER	20100928	24.99	25.90	24.01	25.17	124184
CITYINTER	20100929	25.00	25.30	22.50	23.03	287760
CITYINTER	20100930	23.00	23.13	21.40	22.40	236452
CITYINTER	20101001	22.13	23.20	22.10	22.20	89934
CITYINTER	20101004	22.40	22.99	21.50	22.00	160879
CITYINTER	20101005	22.50	22.50	21.72	21.85	95766
CITYINTER	20101006	21.76	21.85	21.04	21.45	140632
CITYINTER	20101007	21.10	21.38	20.35	20.35	181945
CITYINTER	20101008	20.10	20.80	18.67	20.32	349847
CITYINTER	20101011	20.45	23.33	20.11	23.20	367539
CITYINTER	20101012	23.80	24.90	23.40	24.65	305633
CITYINTER	20101013	25.18	25.18	23.02	23.35	180765
CITYINTER	20101014	24.50	24.50	22.18	22.65	110474
CITYINTER	20101015	22.20	22.85	21.67	22.50	113161
CITYINTER	20101018	23.19	24.09	21.91	22.21	102007
CITYINTER	20101019	22.00	22.38	20.82	21.00	132510
CITYINTER	20101020	21.03	22.00	20.20	21.52	47820
CITYINTER	20101021	21.61	22.80	21.61	21.75	41714
CITYINTER	20101022	21.66	21.98	21.20	21.50	24109
CITYINTER	20101025	21.55	21.55	21.01	21.28	34153
CITYINTER	20101026	21.28	22.00	21.20	21.45	23559
CITYINTER	20101027	21.35	21.70	21.23	21.37	12615
CITYINTER	20101028	22.11	23.00	21.90	22.91	125944
CITYINTER	20101029	23.34	23.46	22.80	23.08	111144
CITYINTER	20101102	23.10	23.19	22.61	22.95	20239
CITYINTER	20101103	22.60	22.88	22.11	22.74	29253
CITYINTER	20101104	22.79	22.79	22.21	22.75	61979
CITYINTER	20101105	22.79	23.70	22.38	23.22	35023
CITYINTER	20101108	23.70	23.96	23.32	23.96	61044
CITYINTER	20101109	23.98	23.98	22.70	23.51	39472
CITYINTER	20101110	23.15	23.79	23.15	23.73	15935
CITYINTER	20101112	23.11	23.95	23.11	23.76	39277
CITYINTER	20101115	24.00	25.50	24.00	24.59	97238
CITYINTER	20101116	24.99	24.99	23.23	23.60	57769
CITYINTER	20101117	22.71	24.00	22.50	23.34	43793
CITYINTER	20101118	23.44	23.50	22.32	22.90	35194
CITYINTER	20101119	22.80	22.80	22.10	22.59	23190
CITYINTER	20101122	22.16	22.70	22.11	22.70	18129
CITYINTER	20101123	22.55	23.17	22.25	23.15	23524
CITYINTER	20101124	23.20	24.39	22.54	24.00	44276
CITYINTER	20101125	24.68	25.00	24.21	24.70	70412
CITYINTER	20101126	24.60	24.68	24.21	24.66	22001
CITYINTER	20101129	24.50	25.00	24.45	24.70	22980
CITYINTER	20101130	24.86	26.50	24.80	25.85	118190
CITYINTER	20101201	25.90	26.01	25.51	25.96	40406
CITYINTER	20101202	26.00	26.90	25.83	25.87	74877
CITYINTER	20101203	25.95	25.95	25.07	25.40	24974
CITYINTER	20101206	25.68	25.68	25.10	25.45	29530
CITYINTER	20101207	25.50	25.78	25.46	25.73	24714
CITYINTER	20101208	25.73	25.79	25.50	25.75	8649
CITYINTER	20101209	25.88	25.88	25.46	25.50	20401
CITYINTER	20101210	25.50	25.65	25.01	25.49	62721
CITYINTER	20101213	25.55	25.55	24.10	24.57	35436
CITYINTER	20101214	24.55	24.55	23.51	23.75	29282
CITYINTER	20101215	23.69	24.55	23.21	24.37	22794
CITYINTER	20101216	24.80	24.80	24.12	24.20	13330
CITYINTER	20101217	24.02	24.49	24.02	24.40	17530
CITYINTER	20101220	24.40	24.40	24.00	24.20	12579
CITYINTER	20101221	24.22	24.60	24.20	24.60	19518
CITYINTER	20101222	24.21	25.03	24.21	25.03	37049
CITYINTER	20101223	24.65	25.10	24.65	25.10	23507
CITYINTER	20101227	25.00	25.10	24.73	24.84	13008
CITYINTER	20101228	24.80	24.89	24.70	24.71	20173
CITYINTER	20101229	24.25	25.42	24.25	25.20	29362
CITYINTER	20101230	25.30	25.49	25.00	25.45	20149
CITYINTER	20101231	25.02	25.12	24.62	24.71	25227
CITYINTER	20110103	25.08	25.08	24.70	24.99	13965
CITYINTER	20110104	24.99	24.99	24.60	24.82	10150
CITYINTER	20110105	24.82	24.82	24.01	24.42	8867
CITYINTER	20110107	24.40	24.50	23.82	24.45	23245
CITYINTER	20110110	24.40	24.40	23.69	23.69	9648
CITYINTER	20110111	23.49	23.70	23.27	23.60	18376
CITYINTER	20110112	23.60	23.99	23.60	23.62	6747
CITYINTER	20110113	23.80	24.00	23.75	23.95	21376
CITYINTER	20110114	24.10	24.30	23.67	24.30	38761
CITYINTER	20110117	24.80	27.76	24.31	27.60	270073
CITYINTER	20110118	27.97	29.05	27.00	27.70	189505
CITYINTER	20110119	28.00	28.15	27.01	27.20	55650
CITYINTER	20110120	26.90	29.00	26.00	27.90	91195
CITYINTER	20110121	27.90	28.97	27.33	28.30	122019
CITYINTER	20110124	28.40	29.97	27.99	29.78	158173
CITYINTER	20110125	29.99	30.39	28.32	28.60	81479
CITYINTER	20110126	28.70	28.80	27.55	27.55	42557
CITYINTER	20110127	27.90	28.80	27.70	27.80	62814
CITYINTER	20110128	27.80	27.98	26.10	27.15	76939
CITYINTER	20110131	26.80	27.65	26.56	27.35	32578
CITYINTER	20110201	27.42	28.80	27.42	28.64	72230
CITYINTER	20110202	28.64	28.68	27.70	28.56	29422
CITYINTER	20110203	29.15	29.15	28.10	28.30	14758
CITYINTER	20110204	28.16	28.80	27.87	28.40	10974
CITYINTER	20110207	28.80	28.89	28.40	28.65	8816
CITYINTER	20110208	28.65	28.85	27.77	28.10	30340
CITYINTER	20110209	28.15	29.85	27.68	29.85	71549
CITYINTER	20110210	30.30	34.98	30.30	31.50	428793
CITYINTER	20110211	32.29	33.79	31.80	32.90	138020
CITYINTER	20110214	33.50	33.85	31.81	32.20	70625
CITYINTER	20110215	32.00	33.15	31.10	32.94	56577
CITYINTER	20110216	33.18	33.18	32.50	32.80	41826
CITYINTER	20110217	32.90	32.95	31.05	31.40	85208
CITYINTER	20110218	31.15	31.40	29.90	30.32	73637
CITYINTER	20110221	30.57	30.68	29.10	29.25	93523
CITYINTER	20110222	28.90	30.93	28.00	29.19	141429
CITYINTER	20110223	29.25	30.20	28.50	29.40	51798
CITYINTER	20110224	30.19	31.40	29.50	31.00	58108
CITYINTER	20110225	31.76	32.70	31.50	32.00	99194
CITYINTER	20110228	32.44	34.10	32.42	32.95	104048
CITYINTER	20110301	32.06	33.80	31.50	32.68	90126
CITYINTER	20110302	31.68	32.00	30.69	31.00	82362
CITYINTER	20110303	30.80	30.99	29.83	30.78	53001
CITYINTER	20110304	31.20	31.50	30.80	31.03	19834
CITYINTER	20110307	30.77	30.90	30.03	30.50	32947
CITYINTER	20110308	30.40	30.65	30.00	30.55	27136
CITYINTER	20110309	30.87	32.10	30.62	31.50	46861
CITYINTER	20110310	31.50	31.89	30.40	30.74	52313
CITYINTER	20110311	30.68	31.40	30.25	30.25	34880
CITYINTER	20110314	30.16	30.16	28.11	29.00	91388
CITYINTER	20110315	28.17	28.85	26.70	28.39	72637
CITYINTER	20110316	28.80	30.50	28.45	29.44	56027
CITYINTER	20110317	30.15	33.13	29.47	32.61	154492
CITYINTER	20110318	32.10	32.50	31.74	32.00	43141
CITYINTER	20110321	31.91	32.77	31.91	32.17	19632
CITYINTER	20110322	32.85	32.89	31.31	31.57	36256
CITYINTER	20110323	31.59	32.20	31.46	31.75	32734
CITYINTER	20110324	32.00	32.95	31.80	32.67	30601
CITYINTER	20110325	32.93	34.90	32.92	34.60	214596
CITYINTER	20110328	35.35	35.90	34.80	35.10	184222
CITYINTER	20110329	35.12	35.30	33.80	34.05	97087
CITYINTER	20110330	34.44	34.67	34.10	34.11	51095
CITYINTER	20110331	34.11	34.60	33.71	34.60	53291
CITYINTER	20110401	34.80	35.80	34.13	35.45	40450
CITYINTER	20110404	35.45	36.70	35.45	36.60	81879
CITYINTER	20110405	36.64	37.00	35.11	36.19	113874
CITYINTER	20110406	36.30	36.70	35.30	35.76	110840
CITYINTER	20110407	35.25	35.48	34.04	34.60	77486
CITYINTER	20110408	34.21	35.78	32.85	33.00	277493
CITYINTER	20110411	33.05	33.99	31.87	33.50	79597
CITYINTER	20110412	33.98	34.00	30.50	30.50	416562
CITYINTER	20110413	30.05	30.80	29.29	29.90	202936
CITYINTER	20110414	29.90	29.90	27.51	28.40	217556
CITYINTER	20110415	27.53	29.85	26.52	29.32	283507
CITYINTER	20110418	30.70	30.94	29.40	29.88	267810
CITYINTER	20110419	30.40	30.40	30.03	30.35	37137
CITYINTER	20110420	30.40	30.40	29.00	29.55	75336
CITYINTER	20110421	29.54	30.38	29.20	30.00	35527
CITYINTER	20110426	30.02	30.30	29.60	29.63	29804
CITYINTER	20110427	29.70	30.13	29.01	29.40	45199
CITYINTER	20110428	29.41	29.80	28.51	29.00	31188
CITYINTER	20110429	29.70	30.28	29.31	30.25	94964
CITYINTER	20110502	30.63	31.48	30.60	31.40	109344
CITYINTER	20110504	31.48	31.94	30.90	31.30	89860
CITYINTER	20110505	31.29	31.29	30.30	30.80	43605
CITYINTER	20110506	30.37	30.70	30.17	30.25	24975
CITYINTER	20110509	30.20	30.38	29.70	30.25	24026
CITYINTER	20110510	30.10	30.10	29.70	29.92	22647
CITYINTER	20110511	29.80	29.84	29.29	29.78	35625
CITYINTER	20110512	29.00	29.20	28.61	28.70	27074
CITYINTER	20110513	28.70	28.90	28.00	28.01	36381
CITYINTER	20110516	27.55	28.50	27.00	28.50	63553
CITYINTER	20110517	29.00	29.42	28.20	28.60	54306
CITYINTER	20110518	29.00	29.38	29.00	29.25	17210
CITYINTER	20110519	29.35	30.15	29.25	29.97	28029
CITYINTER	20110520	30.00	30.38	30.00	30.36	37178
CITYINTER	20110523	30.00	30.00	28.87	29.58	20393
CITYINTER	20110524	28.65	29.40	28.65	29.40	32570
CITYINTER	20110525	29.35	30.55	29.30	30.55	62609
CITYINTER	20110526	30.50	30.54	30.20	30.50	34275
CITYINTER	20110527	30.39	30.58	30.26	30.50	26532
CITYINTER	20110530	30.50	30.50	30.20	30.20	18048
CITYINTER	20110531	30.10	30.60	30.09	30.55	31180
CITYINTER	20110601	30.50	30.60	30.31	30.52	21211
CITYINTER	20110602	30.33	30.33	29.53	29.89	11140
CITYINTER	20110603	29.58	29.58	29.06	29.50	18509
CITYINTER	20110606	29.29	29.29	28.77	29.15	22081
CITYINTER	20110607	29.40	30.05	29.01	29.25	18946
CITYINTER	20110608	29.25	29.80	29.01	29.70	6876
CITYINTER	20110609	29.70	30.00	29.20	29.65	10738
CITYINTER	20110610	29.65	29.65	28.90	29.01	6997
CITYINTER	20110613	29.60	29.60	29.00	29.00	8715
CITYINTER	20110614	29.40	29.40	28.82	28.82	3436
CITYINTER	20110615	28.81	29.18	28.81	29.00	10287
CITYINTER	20110616	29.00	29.10	28.01	29.00	12725
CITYINTER	20110617	28.80	29.10	28.34	29.00	11189
CITYINTER	20110620	28.60	29.00	28.60	28.61	10089
CITYINTER	20110621	28.60	29.09	28.50	28.90	18703
CITYINTER	20110622	29.00	30.15	28.88	29.02	19767
CITYINTER	20110624	29.01	29.15	29.00	29.01	11677
CITYINTER	20110627	29.00	29.08	28.50	28.50	33866
CITYINTER	20110628	28.50	28.99	28.20	28.20	23487
CITYINTER	20110629	28.50	29.15	28.50	29.15	8954
CITYINTER	20110630	29.17	29.17	28.30	28.31	57926
CITYINTER	20110701	28.31	28.31	26.25	27.77	41879
CITYINTER	20110704	27.77	28.20	27.77	28.11	7160
CITYINTER	20110705	27.99	28.75	27.83	28.75	18500
CITYINTER	20110706	28.80	28.80	27.80	28.10	14114
CITYINTER	20110707	27.80	28.50	27.80	28.30	13665
CITYINTER	20110708	27.80	28.30	27.80	27.90	2778
CITYINTER	20110711	27.99	28.00	27.50	27.90	9884
CITYINTER	20110712	26.66	27.40	26.26	27.36	23946
CITYINTER	20110713	26.75	27.40	26.61	27.40	27263
CITYINTER	20110714	27.75	27.75	27.00	27.15	5202
CITYINTER	20110715	27.15	27.15	26.90	26.90	6520
CITYINTER	20110718	26.22	26.55	24.25	25.40	20155
CITYINTER	20110719	24.70	26.30	24.60	25.15	18027
CITYINTER	20110720	25.22	25.32	24.28	24.30	9513
CITYINTER	20110721	24.50	24.99	23.33	24.79	19725
CITYINTER	20110722	25.18	26.00	24.82	25.20	20102
CITYINTER	20110725	25.05	25.75	25.05	25.30	11663
CITYINTER	20110726	25.79	25.79	25.31	25.36	4461
CITYINTER	20110727	25.40	25.46	24.81	24.90	24981
CITYINTER	20110728	24.82	24.82	24.50	24.65	38853
CITYINTER	20110729	24.25	24.89	24.25	24.45	24521
CITYINTER	20110801	24.64	25.19	24.61	25.10	8522
CITYINTER	20110802	24.50	24.50	23.30	23.60	15203
CITYINTER	20110803	23.01	23.01	21.30	21.50	61186
CITYINTER	20110804	21.45	21.70	19.06	19.90	135435
CITYINTER	20110805	18.07	20.90	16.80	19.50	120926
CITYINTER	20110808	18.90	19.40	17.95	18.17	88053
CITYINTER	20110809	18.15	18.90	16.35	16.80	86402
CITYINTER	20110810	17.90	18.60	16.12	16.50	78033
CITYINTER	20110811	17.03	18.10	16.20	18.05	46463
CITYINTER	20110812	18.60	19.40	18.00	19.35	74080
CITYINTER	20110816	20.50	22.00	19.67	22.00	61699
CITYINTER	20110817	23.10	24.19	21.80	24.00	134293
CITYINTER	20110818	24.00	24.59	19.50	20.10	125872
CITYINTER	20110819	20.10	22.11	18.80	22.00	119075
CITYINTER	20110822	22.50	24.00	22.40	24.00	74045
CITYINTER	20110823	24.50	25.00	22.95	23.98	93074
CITYINTER	20110824	24.80	24.80	22.68	22.90	44144
CITYINTER	20110825	23.35	23.57	22.00	22.25	20969
CITYINTER	20110826	22.00	22.25	20.50	21.60	40343
CITYINTER	20110829	22.40	23.50	22.00	23.41	44260
CITYINTER	20110830	23.74	24.30	23.51	23.70	61682
CITYINTER	20110831	24.05	24.17	23.23	23.97	21226
CITYINTER	20110901	23.90	23.90	22.87	23.05	31956
CITYINTER	20110902	22.90	23.78	22.85	23.40	39595
CITYINTER	20110905	22.90	23.20	21.70	21.73	30871
CITYINTER	20110906	21.70	22.80	21.70	22.31	29578
CITYINTER	20110907	23.27	23.38	22.70	23.10	35249
CITYINTER	20110908	23.34	23.34	22.91	23.00	12138
CITYINTER	20110909	23.10	23.49	22.61	23.10	21901
CITYINTER	20110912	21.30	22.30	21.11	21.85	51723
CITYINTER	20110913	22.22	22.40	21.60	21.87	17379
CITYINTER	20110914	21.55	22.40	21.55	22.10	88296
CITYINTER	20110915	22.10	22.80	22.10	22.35	13615
CITYINTER	20110916	22.50	23.00	22.25	22.25	10003
CITYINTER	20110919	22.20	22.43	21.45	22.00	28385
CITYINTER	20110920	21.46	22.00	21.46	22.00	14973
CITYINTER	20110921	21.55	21.97	21.46	21.80	10223
CITYINTER	20110922	21.30	21.30	20.11	20.11	33104
CITYINTER	20110923	20.01	20.50	19.00	20.02	38445
CITYINTER	20110926	19.90	20.96	19.75	20.20	7556
CITYINTER	20110927	20.60	21.10	20.60	21.10	11575
CITYINTER	20110928	21.00	21.00	20.50	20.55	6151
CITYINTER	20110929	20.40	20.90	20.20	20.84	5707
CITYINTER	20110930	20.55	20.55	20.06	20.50	13395
CITYINTER	20111003	19.81	20.00	19.41	19.76	34601
CITYINTER	20111004	19.45	19.50	18.41	18.90	12815
CITYINTER	20111005	19.11	19.90	19.11	19.50	56118
CITYINTER	20111006	19.85	20.30	19.19	19.19	8260
CITYINTER	20111007	20.38	20.38	19.52	19.53	8606
CITYINTER	20111010	19.60	20.98	19.60	20.67	18977
CITYINTER	20111011	20.92	20.92	20.06	20.31	10163
CITYINTER	20111012	20.50	21.00	20.01	20.81	19739
CITYINTER	20111013	20.82	21.00	20.50	20.53	6766
CITYINTER	20111014	20.50	21.10	20.50	20.80	8412
CITYINTER	20111017	21.19	21.50	20.50	20.95	27915
CITYINTER	20111018	20.55	20.90	20.21	20.33	126748
CITYINTER	20111019	20.50	20.80	20.35	20.80	5355
CITYINTER	20111020	20.51	22.51	20.51	21.60	21809
CITYINTER	20111021	21.70	23.85	21.63	23.79	41588
CITYINTER	20111024	24.30	25.65	24.00	25.10	91636
CITYINTER	20111025	25.35	25.35	24.00	24.01	34220
CITYINTER	20111026	23.81	24.99	23.81	24.67	15340
CITYINTER	20111027	25.50	26.52	25.10	25.95	103098
CITYINTER	20111028	25.57	26.17	25.55	25.60	27523
CITYINTER	20111031	25.50	25.50	25.01	25.06	11074
CITYINTER	20111102	23.42	24.50	23.07	24.38	46555
CITYINTER	20111103	24.00	25.50	24.00	25.50	29661
CITYINTER	20111104	25.71	26.50	25.71	26.00	54086
CITYINTER	20111107	26.20	26.40	26.00	26.18	27578
CITYINTER	20111108	26.29	26.40	26.00	26.14	14941
CITYINTER	20111109	26.00	26.10	24.80	25.98	47649
CITYINTER	20111110	24.51	25.99	24.51	25.97	23735
CITYINTER	20111114	26.40	27.24	25.40	26.44	56552
CITYINTER	20111115	26.50	26.50	25.90	26.20	14873
CITYINTER	20111116	26.01	26.85	26.01	26.80	12882
CITYINTER	20111117	27.00	29.40	27.00	29.40	109394
CITYINTER	20111118	29.40	29.79	28.00	28.01	64127
CITYINTER	20111121	28.05	28.05	26.62	26.90	38593
CITYINTER	20111122	26.90	27.70	26.90	27.40	22077
CITYINTER	20111123	27.40	27.50	25.90	26.54	43229
CITYINTER	20111124	26.30	26.50	25.21	26.50	25549
CITYINTER	20111125	26.48	28.00	26.20	27.95	28049
CITYINTER	20111128	27.80	28.69	27.80	28.07	21531
CITYINTER	20111129	28.85	29.59	28.50	28.75	80447
CITYINTER	20111130	28.60	29.15	28.51	28.99	28404
CITYINTER	20111201	29.09	29.09	28.70	28.70	6326
CITYINTER	20111202	29.00	29.17	28.61	28.86	10130
CITYINTER	20111205	28.80	28.80	28.17	28.60	20722
CITYINTER	20111206	28.38	28.38	27.70	27.70	14224
CITYINTER	20111207	27.70	29.30	27.70	28.59	25284
CITYINTER	20111208	28.59	28.81	26.95	27.00	53124
CITYINTER	20111209	26.45	27.65	26.26	27.65	31716
CITYINTER	20111212	27.51	27.51	27.00	27.20	13824
CITYINTER	20111213	27.11	28.48	27.00	27.95	64337
CITYINTER	20111214	27.86	28.50	27.85	28.00	15372
